0 0 0 ; 1 0 0 3.17226 -4.93647 1.76422 0.0 3.40109 ; 0 1 0 5.07556 -7.57341 2.49785 0.0 1.82698 ; 
1 0 0 ; 0 0 0 3.17226 -4.93647 1.76422 0.0 3.40109 ; 2 0 0 3.17226 -4.93647 1.76422 0.0 6.80217 ; 1 1 0 5.07997 -7.58962 2.50965 0.0 1.82698 ; 0 1 0 0.0455639 -0.134229 0.646988 -0.49352 2.6874 ; 
0 1 0 ; 0 0 0 5.07556 -7.57341 2.49785 0.0 1.82698 ; 1 1 0 3.17226 -4.93647 1.76422 0.0 3.40109 ; 0 2 0 5.07712 -7.57915 2.50203 0.0 3.65396 ; 
2 0 0 ; 1 0 0 3.17226 -4.93647 1.76422 0.0 6.80217 ; 2 1 0 5.08496 -7.60797 2.52301 0.0 1.82698 ; 1 1 0 0.0979638 -0.288597 1.39104 -1.06108 2.6874 ; 
1 1 0 ; 1 0 0 5.07997 -7.58962 2.50965 0.0 1.82698 ; 0 1 0 3.17226 -4.93647 1.76422 0.0 3.40109 ; 2 1 0 3.17312 -4.93967 1.76654 0.0 6.80217 ; 1 2 0 5.08173 -7.5961 2.51437 0.0 3.65396 ; 0 2 0 0.0383377 -0.112941 0.544379 -0.41525 2.6874 ; 
0 2 0 ; 0 1 0 5.07712 -7.57915 2.50203 0.0 3.65396 ; 1 2 0 3.17312 -4.93967 1.76654 0.0 3.40109 ; 0 3 0 5.07875 -7.58514 2.50639 0.0 5.48094 ; 
2 1 0 ; 2 0 0 5.08496 -7.60797 2.52301 0.0 1.82698 ; 1 1 0 3.17312 -4.93967 1.76654 0.0 6.80217 ; 2 2 0 5.08496 -7.60797 2.52301 0.0 3.65396 ; 1 2 0 0.086541 -0.254945 1.22884 -0.937359 2.6874 ; 
1 2 0 ; 1 1 0 5.08173 -7.5961 2.51437 0.0 3.65396 ; 0 2 0 3.17312 -4.93967 1.76654 0.0 3.40109 ; 2 2 0 3.17312 -4.93967 1.76654 0.0 6.80217 ; 1 3 0 5.08358 -7.60289 2.51931 0.0 5.48094 ; 0 3 0 0.027666 -0.0815026 0.392845 -0.299661 2.6874 ; 
0 3 0 ; 0 2 0 5.07875 -7.58514 2.50639 0.0 5.48094 ; 1 3 0 3.17312 -4.93967 1.76654 0.0 3.40109 ; 0 4 0 5.08046 -7.59141 2.51095 0.0 7.30793 ; 
2 2 0 ; 2 1 0 5.08496 -7.60797 2.52301 0.0 3.65396 ; 1 2 0 3.17312 -4.93967 1.76654 0.0 6.80217 ; 2 3 0 5.08697 -7.61536 2.52839 0.0 5.48094 ; 1 3 0 0.0748348 -0.220459 1.06262 -0.810564 2.6874 ; 
1 3 0 ; 1 2 0 5.08358 -7.60289 2.51931 0.0 5.48094 ; 0 3 0 3.17312 -4.93967 1.76654 0.0 3.40109 ; 2 3 0 3.17312 -4.93967 1.76654 0.0 6.80217 ; 1 4 0 5.08552 -7.61001 2.5245 0.0 7.30793 ; 0 4 0 0.0238192 -0.0701702 0.338222 -0.257995 2.6874 ; 
0 4 0 ; 0 3 0 5.08046 -7.59141 2.51095 0.0 7.30793 ; 1 4 0 3.17312 -4.93967 1.76654 0.0 3.40109 ; 0 5 0 5.08224 -7.59797 2.51573 0.0 9.13491 ; 
2 3 0 ; 2 2 0 5.08697 -7.61536 2.52839 0.0 5.48094 ; 1 3 0 3.17312 -4.93967 1.76654 0.0 6.80217 ; 2 4 0 5.08908 -7.62312 2.53404 0.0 7.30793 ; 1 4 0 0.0600608 -0.176936 0.852836 -0.650541 2.6874 ; 
1 4 0 ; 1 3 0 5.08552 -7.61001 2.5245 0.0 7.30793 ; 0 4 0 3.17312 -4.93967 1.76654 0.0 3.40109 ; 2 4 0 3.17312 -4.93967 1.76654 0.0 6.80217 ; 1 5 0 5.08755 -7.6175 2.52995 0.0 9.13491 ; 0 5 0 0.0186832 -0.0550398 0.265293 -0.202365 2.6874 ; 
0 5 0 ; 0 4 0 5.08224 -7.59797 2.51573 0.0 9.13491 ; 1 5 0 3.17312 -4.93967 1.76654 0.0 3.40109 ; 0 6 0 5.08411 -7.60486 2.52074 0.0 10.9619 ; 
2 4 0 ; 2 3 0 5.08908 -7.62312 2.53404 0.0 7.30793 ; 1 4 0 3.17312 -4.93967 1.76654 0.0 6.80217 ; 2 5 0 5.0913 -7.63128 2.53998 0.0 9.13491 ; 1 5 0 0.0467299 -0.137664 0.663544 -0.50615 2.6874 ; 
1 5 0 ; 1 4 0 5.08755 -7.6175 2.52995 0.0 9.13491 ; 0 5 0 3.17312 -4.93967 1.76654 0.0 3.40109 ; 2 5 0 3.17312 -4.93967 1.76654 0.0 6.80217 ; 1 6 0 5.08969 -7.62537 2.53568 0.0 10.9619 ; 0 6 0 0.0136812 -0.0403042 0.194268 -0.148187 2.6874 ; 
0 6 0 ; 0 5 0 5.08411 -7.60486 2.52074 0.0 10.9619 ; 1 6 0 3.17312 -4.93967 1.76654 0.0 3.40109 ; 0 7 0 5.08608 -7.61208 2.526 0.0 12.7889 ; 
2 5 0 ; 2 4 0 5.0913 -7.63128 2.53998 0.0 9.13491 ; 1 5 0 3.17312 -4.93967 1.76654 0.0 6.80217 ; 2 6 0 5.09364 -7.63989 2.54625 0.0 10.9619 ; 1 6 0 0.0335904 -0.0989556 0.476969 -0.363831 2.6874 ; 
1 6 0 ; 1 5 0 5.08969 -7.62537 2.53568 0.0 10.9619 ; 0 6 0 3.17312 -4.93967 1.76654 0.0 3.40109 ; 2 6 0 3.17312 -4.93967 1.76654 0.0 6.80217 ; 1 7 0 5.09195 -7.63366 2.54171 0.0 12.7889 ; 0 7 0 0.0088669 -0.0261214 0.125906 -0.0960408 2.6874 ; 
0 7 0 ; 0 6 0 5.08608 -7.61208 2.526 0.0 12.7889 ; 1 7 0 3.17312 -4.93967 1.76654 0.0 3.40109 ; 0 8 0 5.08814 -7.61967 2.53153 0.0 14.6159 ; 
2 6 0 ; 2 5 0 5.09364 -7.63989 2.54625 0.0 10.9619 ; 1 6 0 3.17312 -4.93967 1.76654 0.0 6.80217 ; 2 7 0 5.09611 -7.64899 2.55287 0.0 12.7889 ; 1 7 0 0.0216196 -0.0636902 0.306989 -0.23417 2.6874 ; 
1 7 0 ; 1 6 0 5.09195 -7.63366 2.54171 0.0 12.7889 ; 0 7 0 3.17312 -4.93967 1.76654 0.0 3.40109 ; 2 7 0 3.17312 -4.93967 1.76654 0.0 6.80217 ; 1 8 0 5.09432 -7.6424 2.54808 0.0 14.6159 ; 0 8 0 0.00429092 -0.0126408 0.0609292 -0.0464766 2.6874 ; 
0 8 0 ; 0 7 0 5.08814 -7.61967 2.53153 0.0 14.6159 ; 1 8 0 3.17312 -4.93967 1.76654 0.0 3.40109 ; 
2 7 0 ; 2 6 0 5.09611 -7.64899 2.55287 0.0 12.7889 ; 1 7 0 3.17312 -4.93967 1.76654 0.0 6.80217 ; 2 8 0 5.09873 -7.6586 2.55987 0.0 14.6159 ; 1 8 0 0.0104138 -0.0306785 0.147871 -0.112796 2.6874 ; 
1 8 0 ; 1 7 0 5.09432 -7.6424 2.54808 0.0 14.6159 ; 0 8 0 3.17312 -4.93967 1.76654 0.0 3.40109 ; 2 8 0 3.17312 -4.93967 1.76654 0.0 6.80217 ; 
2 8 0 ; 2 7 0 5.09873 -7.6586 2.55987 0.0 14.6159 ; 1 8 0 3.17312 -4.93967 1.76654 0.0 6.80217 ; 2 8 1 7.25722 -11.046 3.78879 0.0 1.24412 ; 
2 8 1 ; 2 8 0 7.25722 -11.046 3.78879 0.0 1.24412 ; 2 8 2 7.25722 -11.046 3.78879 0.0 2.48825 ; 2 7 2 3.50861 -8.14897 55.1825 -49.4783 3.432 ; 1 8 2 0.0127137 -0.0379414 0.187291 -0.147559 2.7624 ; 
2 7 2 ; 2 8 2 5.10149 -7.66877 2.56728 0.0 14.6159 ; 2 7 3 7.25134 -11.0244 3.77304 0.0 3.73237 ; 2 6 3 1.91622 -4.45055 30.1379 -27.0225 3.432 ; 1 8 2 0.00936758 -0.0275964 0.133016 -0.101464 2.6874 ; 1 7 3 0.00502425 -0.0149938 0.0740143 -0.0583131 2.7624 ; 
2 6 3 ; 2 7 3 5.10149 -7.66877 2.56728 0.0 12.7889 ; 2 6 4 7.23625 -10.9689 3.73266 0.0 4.9765 ; 1 7 3 0.0149856 -0.0441468 0.212789 -0.162315 2.6874 ; 1 6 4 0.00534922 -0.0159636 0.0788015 -0.0620848 2.7624 ; 
1 8 2 ; 2 8 2 3.17312 -4.93967 1.76654 0.0 6.80217 ; 1 8 3 7.24873 -11.0148 3.76607 0.0 3.73237 ; 1 7 3 0.29371 -0.682161 4.6194 -4.14189 3.432 ; 0 8 3 0.00241778 -0.00721535 0.0356172 -0.0280615 2.7624 ; 
1 7 3 ; 2 7 3 3.17312 -4.93967 1.76654 0.0 6.80217 ; 1 8 3 5.10149 -7.66877 2.56728 0.0 14.6159 ; 1 7 4 7.23401 -10.9606 3.72664 0.0 4.9765 ; 1 6 4 4.14445 -9.62576 65.1829 -58.4449 3.432 ; 0 8 3 0.004474 -0.0131802 0.0635288 -0.0484596 2.6874 ; 0 7 4 0.00257713 -0.0076909 0.0379647 -0.029911 2.7624 ; 
1 6 4 ; 2 6 4 3.17312 -4.93967 1.76654 0.0 6.80217 ; 1 7 4 5.10149 -7.66877 2.56728 0.0 12.7889 ; 1 6 5 7.22121 -10.9136 3.69239 0.0 6.22062 ; 0 7 4 0.0072012 -0.0212144 0.102254 -0.077999 2.6874 ; 
0 8 3 ; 1 8 3 3.17312 -4.93967 1.76654 0.0 3.40109 ; 0 8 4 7.23181 -10.9526 3.72076 0.0 4.9765 ; 0 7 4 0.915079 -2.12533 14.3921 -12.9044 3.432 ; 
0 7 4 ; 1 7 4 3.17312 -4.93967 1.76654 0.0 3.40109 ; 0 8 4 5.10149 -7.66877 2.56728 0.0 14.6159 ; 0 7 5 7.21929 -10.9065 3.68724 0.0 6.22062 ; 
2 8 2 ; 2 8 1 7.25722 -11.046 3.78879 0.0 2.48825 ; 2 7 2 5.10149 -7.66877 2.56728 0.0 14.6159 ; 1 8 2 3.17312 -4.93967 1.76654 0.0 6.80217 ; 2 8 3 7.26892 -11.089 3.82011 0.0 3.73237 ; 2 7 3 3.35733 -7.7976 52.8032 -47.3449 3.432 ; 1 8 3 0.0123774 -0.0369377 0.182336 -0.143656 2.7624 ; 
2 7 3 ; 2 7 2 7.25134 -11.0244 3.77304 0.0 3.73237 ; 2 6 3 5.10149 -7.66877 2.56728 0.0 12.7889 ; 1 7 3 3.17312 -4.93967 1.76654 0.0 6.80217 ; 2 8 3 5.10149 -7.66877 2.56728 0.0 14.6159 ; 2 7 4 7.2624 -11.0651 3.80266 0.0 4.9765 ; 2 6 4 1.89354 -4.39787 29.7812 -26.7026 3.432 ; 1 8 3 0.00939542 -0.0276784 0.133411 -0.101765 2.6874 ; 1 7 4 0.00474389 -0.0141571 0.0698841 -0.0550591 2.7624 ; 
2 6 4 ; 2 6 3 7.23625 -10.9689 3.73266 0.0 4.9765 ; 1 6 4 3.17312 -4.93967 1.76654 0.0 6.80217 ; 2 7 4 5.10149 -7.66877 2.56728 0.0 12.7889 ; 2 6 5 7.24577 -11.0039 3.75813 0.0 6.22062 ; 2 5 5 0.951699 -2.21038 14.9681 -13.4208 3.432 ; 1 7 4 0.0150373 -0.0442991 0.213523 -0.162875 2.6874 ; 1 6 5 0.00502535 -0.0149971 0.0740304 -0.0583258 2.7624 ; 
2 5 5 ; 2 6 5 5.10149 -7.66877 2.56728 0.0 10.9619 ; 2 5 6 7.23144 -10.9512 3.71977 0.0 7.46475 ; 1 6 5 0.0270944 -0.0798186 0.384728 -0.293469 2.6874 ; 
1 8 3 ; 1 8 2 7.24873 -11.0148 3.76607 0.0 3.73237 ; 1 7 3 5.10149 -7.66877 2.56728 0.0 14.6159 ; 0 8 3 3.17312 -4.93967 1.76654 0.0 3.40109 ; 2 8 3 3.17312 -4.93967 1.76654 0.0 6.80217 ; 1 8 4 7.25952 -11.0545 3.79495 0.0 4.9765 ; 1 7 4 0.285561 -0.663233 4.49122 -4.02696 3.432 ; 0 8 4 0.00228174 -0.00680937 0.0336132 -0.0264826 2.7624 ; 
1 7 4 ; 1 7 3 7.23401 -10.9606 3.72664 0.0 4.9765 ; 1 6 4 5.10149 -7.66877 2.56728 0.0 12.7889 ; 0 7 4 3.17312 -4.93967 1.76654 0.0 3.40109 ; 2 7 4 3.17312 -4.93967 1.76654 0.0 6.80217 ; 1 8 4 5.10149 -7.66877 2.56728 0.0 14.6159 ; 1 7 5 7.2433 -10.9948 3.75151 0.0 6.22062 ; 1 6 5 3.93999 -9.15088 61.9671 -55.5615 3.432 ; 0 8 4 0.00448507 -0.0132128 0.063686 -0.0485795 2.6874 ; 0 7 5 0.00241984 -0.0072215 0.0356476 -0.0280854 2.7624 ; 
1 6 5 ; 1 6 4 7.22121 -10.9136 3.69239 0.0 6.22062 ; 2 6 5 3.17312 -4.93967 1.76654 0.0 6.80217 ; 1 7 5 5.10149 -7.66877 2.56728 0.0 12.7889 ; 1 6 6 7.2293 -10.9433 3.71403 0.0 7.46475 ; 0 7 5 0.00722244 -0.021277 0.102556 -0.0782291 2.6874 ; 
0 8 4 ; 0 8 3 7.23181 -10.9526 3.72076 0.0 4.9765 ; 0 7 4 5.10149 -7.66877 2.56728 0.0 14.6159 ; 1 8 4 3.17312 -4.93967 1.76654 0.0 3.40109 ; 0 8 5 7.24088 -10.9859 3.74506 0.0 6.22062 ; 0 7 5 0.889114 -2.06502 13.9837 -12.5382 3.432 ; 
0 7 5 ; 0 7 4 7.21929 -10.9065 3.68724 0.0 6.22062 ; 1 7 5 3.17312 -4.93967 1.76654 0.0 3.40109 ; 0 8 5 5.10149 -7.66877 2.56728 0.0 14.6159 ; 0 7 6 7.2272 -10.9356 3.70843 0.0 7.46475 ; 
2 8 3 ; 2 8 2 7.26892 -11.089 3.82011 0.0 3.73237 ; 2 7 3 5.10149 -7.66877 2.56728 0.0 14.6159 ; 1 8 3 3.17312 -4.93967 1.76654 0.0 6.80217 ; 2 8 4 7.28195 -11.1369 3.85499 0.0 4.9765 ; 2 7 4 3.18632 -7.40043 50.1136 -44.9333 3.432 ; 1 8 4 0.00553497 -0.016518 0.0815378 -0.0642406 2.7624 ; 
2 7 4 ; 2 7 3 7.2624 -11.0651 3.80266 0.0 4.9765 ; 2 6 4 5.10149 -7.66877 2.56728 0.0 12.7889 ; 1 7 4 3.17312 -4.93967 1.76654 0.0 6.80217 ; 2 8 4 5.10149 -7.66877 2.56728 0.0 14.6159 ; 2 7 5 7.27468 -11.1102 3.83554 0.0 6.22062 ; 2 6 5 1.65264 -3.83835 25.9922 -23.3054 3.432 ; 1 8 4 0.00942027 -0.0277516 0.133764 -0.102035 2.6874 ; 1 7 5 0.00401044 -0.0119683 0.0590794 -0.0465465 2.7624 ; 
2 6 5 ; 2 6 4 7.24577 -11.0039 3.75813 0.0 6.22062 ; 2 5 5 5.10149 -7.66877 2.56728 0.0 10.9619 ; 1 6 5 3.17312 -4.93967 1.76654 0.0 6.80217 ; 2 7 5 5.10149 -7.66877 2.56728 0.0 12.7889 ; 2 6 6 7.25624 -11.0424 3.78617 0.0 7.46475 ; 2 5 6 0.818995 -1.90217 12.8809 -11.5494 3.432 ; 1 7 5 0.0150825 -0.0444323 0.214165 -0.163364 2.6874 ; 1 6 6 0.00422451 -0.0126072 0.062233 -0.0490311 2.7624 ; 
2 5 6 ; 2 5 5 7.23144 -10.9512 3.71977 0.0 7.46475 ; 2 6 6 5.10149 -7.66877 2.56728 0.0 10.9619 ; 2 5 7 7.24048 -10.9845 3.74397 0.0 8.70887 ; 1 6 6 0.0271711 -0.0800447 0.385818 -0.294301 2.6874 ; 
1 8 4 ; 1 8 3 7.25952 -11.0545 3.79495 0.0 4.9765 ; 1 7 4 5.10149 -7.66877 2.56728 0.0 14.6159 ; 0 8 4 3.17312 -4.93967 1.76654 0.0 3.40109 ; 2 8 4 3.17312 -4.93967 1.76654 0.0 6.80217 ; 1 8 5 7.27148 -11.0984 3.82696 0.0 6.22062 ; 1 7 5 0.246449 -0.572394 3.87609 -3.47542 3.432 ; 0 8 5 0.00192829 -0.00575458 0.0284064 -0.0223804 2.7624 ; 
1 7 5 ; 1 7 4 7.2433 -10.9948 3.75151 0.0 6.22062 ; 1 6 5 5.10149 -7.66877 2.56728 0.0 12.7889 ; 0 7 5 3.17312 -4.93967 1.76654 0.0 3.40109 ; 2 7 5 3.17312 -4.93967 1.76654 0.0 6.80217 ; 1 8 5 5.10149 -7.66877 2.56728 0.0 14.6159 ; 1 7 6 7.25352 -11.0324 3.77888 0.0 7.46475 ; 1 6 6 3.70424 -8.60333 58.2593 -52.237 3.432 ; 0 8 5 0.00449534 -0.013243 0.0638319 -0.0486908 2.6874 ; 0 7 6 0.00203347 -0.00606846 0.0299558 -0.0236011 2.7624 ; 
1 6 6 ; 1 6 5 7.2293 -10.9433 3.71403 0.0 7.46475 ; 2 6 6 3.17312 -4.93967 1.76654 0.0 6.80217 ; 1 7 6 5.10149 -7.66877 2.56728 0.0 12.7889 ; 1 6 7 7.23813 -10.9758 3.73769 0.0 8.70887 ; 0 7 6 0.00724159 -0.0213333 0.102827 -0.0784364 2.6874 ; 
0 8 5 ; 0 8 4 7.24088 -10.9859 3.74506 0.0 6.22062 ; 0 7 5 5.10149 -7.66877 2.56728 0.0 14.6159 ; 1 8 5 3.17312 -4.93967 1.76654 0.0 3.40109 ; 0 8 6 7.25086 -11.0226 3.77176 0.0 7.46475 ; 0 7 6 0.764581 -1.77579 12.0251 -10.7821 3.432 ; 
0 7 6 ; 0 7 5 7.2272 -10.9356 3.70843 0.0 7.46475 ; 1 7 6 3.17312 -4.93967 1.76654 0.0 3.40109 ; 0 8 6 5.10149 -7.66877 2.56728 0.0 14.6159 ; 0 7 7 7.23584 -10.9674 3.73156 0.0 8.70887 ; 
2 8 4 ; 2 8 3 7.28195 -11.1369 3.85499 0.0 4.9765 ; 2 7 4 5.10149 -7.66877 2.56728 0.0 14.6159 ; 1 8 4 3.17312 -4.93967 1.76654 0.0 6.80217 ; 2 8 5 7.29654 -11.1906 3.89407 0.0 6.22062 ; 2 7 5 2.74267 -6.37003 43.136 -38.677 3.432 ; 1 8 5 0.00415431 -0.0123977 0.0611988 -0.0482163 2.7624 ; 
2 7 5 ; 2 7 4 7.27468 -11.1102 3.83554 0.0 6.22062 ; 2 6 5 5.10149 -7.66877 2.56728 0.0 12.7889 ; 1 7 5 3.17312 -4.93967 1.76654 0.0 6.80217 ; 2 8 5 5.10149 -7.66877 2.56728 0.0 14.6159 ; 2 7 6 7.28839 -11.1606 3.87224 0.0 7.46475 ; 2 6 6 1.40464 -3.26236 22.0918 -19.8081 3.432 ; 1 8 5 0.00944209 -0.0278159 0.134073 -0.102271 2.6874 ; 1 7 6 0.00334843 -0.00999269 0.049327 -0.038863 2.7624 ; 
2 6 6 ; 2 6 5 7.25624 -11.0424 3.78617 0.0 7.46475 ; 2 5 6 5.10149 -7.66877 2.56728 0.0 10.9619 ; 1 6 6 3.17312 -4.93967 1.76654 0.0 6.80217 ; 2 7 6 5.10149 -7.66877 2.56728 0.0 12.7889 ; 2 6 7 7.26783 -11.085 3.81721 0.0 8.70887 ; 2 5 7 0.686958 -1.5955 10.8043 -9.68744 3.432 ; 1 7 6 0.0151211 -0.0445461 0.214714 -0.163783 2.6874 ; 1 6 7 0.00350469 -0.010459 0.051629 -0.0406766 2.7624 ; 
2 5 7 ; 2 5 6 7.24048 -10.9845 3.74397 0.0 8.70887 ; 2 6 7 5.10149 -7.66877 2.56728 0.0 10.9619 ; 2 5 8 7.25041 -11.021 3.77057 0.0 9.953 ; 1 6 7 0.0272388 -0.0802441 0.386779 -0.295034 2.6874 ; 
1 8 5 ; 1 8 4 7.27148 -11.0984 3.82696 0.0 6.22062 ; 1 7 5 5.10149 -7.66877 2.56728 0.0 14.6159 ; 0 8 5 3.17312 -4.93967 1.76654 0.0 3.40109 ; 2 8 5 3.17312 -4.93967 1.76654 0.0 6.80217 ; 1 8 6 7.2848 -11.1474 3.86264 0.0 7.46475 ; 1 7 6 0.208218 -0.4836 3.2748 -2.93628 3.432 ; 0 8 6 0.00160965 -0.00480367 0.0237124 -0.0186821 2.7624 ; 
1 7 6 ; 1 7 5 7.25352 -11.0324 3.77888 0.0 7.46475 ; 1 6 6 5.10149 -7.66877 2.56728 0.0 12.7889 ; 0 7 6 3.17312 -4.93967 1.76654 0.0 3.40109 ; 2 7 6 3.17312 -4.93967 1.76654 0.0 6.80217 ; 1 8 6 5.10149 -7.66877 2.56728 0.0 14.6159 ; 1 7 7 7.26481 -11.0739 3.80912 0.0 8.70887 ; 1 6 7 3.44052 -7.99082 54.1116 -48.518 3.432 ; 0 8 6 0.00450481 -0.013271 0.0639664 -0.0487934 2.6874 ; 0 7 7 0.00168662 -0.00503336 0.0248462 -0.0195754 2.7624 ; 
1 6 7 ; 1 6 6 7.23813 -10.9758 3.73769 0.0 8.70887 ; 2 6 7 3.17312 -4.93967 1.76654 0.0 6.80217 ; 1 7 7 5.10149 -7.66877 2.56728 0.0 12.7889 ; 1 6 8 7.24783 -11.0115 3.76366 0.0 9.953 ; 0 7 7 0.00725861 -0.0213835 0.103069 -0.0786208 2.6874 ; 
0 8 6 ; 0 8 5 7.25086 -11.0226 3.77176 0.0 7.46475 ; 0 7 6 5.10149 -7.66877 2.56728 0.0 14.6159 ; 1 8 6 3.17312 -4.93967 1.76654 0.0 3.40109 ; 0 8 7 7.26187 -11.0631 3.80124 0.0 8.70887 ; 0 7 7 0.641613 -1.49019 10.0911 -9.04799 3.432 ; 
0 7 7 ; 0 7 6 7.23584 -10.9674 3.73156 0.0 8.70887 ; 1 7 7 3.17312 -4.93967 1.76654 0.0 3.40109 ; 0 8 7 5.10149 -7.66877 2.56728 0.0 14.6159 ; 0 7 8 7.24531 -11.0022 3.75691 0.0 9.953 ; 
2 8 5 ; 2 8 4 7.29654 -11.1906 3.89407 0.0 6.22062 ; 2 7 5 5.10149 -7.66877 2.56728 0.0 14.6159 ; 1 8 5 3.17312 -4.93967 1.76654 0.0 6.80217 ; 2 8 6 7.313 -11.2511 3.93813 0.0 7.46475 ; 2 7 6 2.7922 -6.48505 43.9149 -39.3754 3.432 ; 1 8 6 0.00500717 -0.0149429 0.0737626 -0.0581149 2.7624 ; 
2 7 6 ; 2 7 5 7.28839 -11.1606 3.87224 0.0 7.46475 ; 2 6 6 5.10149 -7.66877 2.56728 0.0 12.7889 ; 1 7 6 3.17312 -4.93967 1.76654 0.0 6.80217 ; 2 8 6 5.10149 -7.66877 2.56728 0.0 14.6159 ; 2 7 7 7.30379 -11.2173 3.91348 0.0 8.70887 ; 2 6 7 1.16059 -2.69553 18.2534 -16.3665 3.432 ; 1 8 6 0.00946086 -0.0278712 0.13434 -0.102474 2.6874 ; 1 7 7 0.00275696 -0.00822757 0.0406139 -0.0319982 2.7624 ; 
2 6 7 ; 2 6 6 7.26783 -11.085 3.81721 0.0 8.70887 ; 2 5 7 5.10149 -7.66877 2.56728 0.0 10.9619 ; 1 6 7 3.17312 -4.93967 1.76654 0.0 6.80217 ; 2 7 7 5.10149 -7.66877 2.56728 0.0 12.7889 ; 2 6 8 7.28074 -11.1325 3.85175 0.0 9.953 ; 2 5 8 0.560582 -1.30199 8.81668 -7.90529 3.432 ; 1 7 7 0.0151531 -0.0446404 0.215168 -0.16413 2.6874 ; 1 6 8 0.00286445 -0.00854836 0.0421974 -0.0332457 2.7624 ; 
2 5 8 ; 2 5 7 7.25041 -11.021 3.77057 0.0 9.953 ; 2 6 8 5.10149 -7.66877 2.56728 0.0 10.9619 ; 2 5 9 7.26138 -11.0613 3.79992 0.0 11.1971 ; 1 6 8 0.0272973 -0.0804164 0.387609 -0.295667 2.6874 ; 
1 8 6 ; 1 8 5 7.2848 -11.1474 3.86264 0.0 7.46475 ; 1 7 6 5.10149 -7.66877 2.56728 0.0 14.6159 ; 0 8 6 3.17312 -4.93967 1.76654 0.0 3.40109 ; 2 8 6 3.17312 -4.93967 1.76654 0.0 6.80217 ; 1 8 7 7.29975 -11.2024 3.90267 0.0 8.70887 ; 1 7 7 0.171937 -0.399334 2.70418 -2.42465 3.432 ; 0 8 7 0.00132524 -0.0039549 0.0195226 -0.0153812 2.7624 ; 
1 7 7 ; 1 7 6 7.26481 -11.0739 3.80912 0.0 8.70887 ; 1 6 7 5.10149 -7.66877 2.56728 0.0 12.7889 ; 0 7 7 3.17312 -4.93967 1.76654 0.0 3.40109 ; 2 7 7 3.17312 -4.93967 1.76654 0.0 6.80217 ; 1 8 7 5.10149 -7.66877 2.56728 0.0 14.6159 ; 1 7 8 7.27737 -11.1201 3.84273 0.0 9.953 ; 1 6 8 3.15334 -7.32383 49.5949 -44.4682 3.432 ; 0 8 7 0.00451348 -0.0132965 0.0640894 -0.0488872 2.6874 ; 0 7 8 0.00137842 -0.00411361 0.0203061 -0.0159984 2.7624 ; 
1 6 8 ; 1 6 7 7.24783 -11.0115 3.76366 0.0 9.953 ; 2 6 8 3.17312 -4.93967 1.76654 0.0 6.80217 ; 1 7 8 5.10149 -7.66877 2.56728 0.0 12.7889 ; 1 6 9 7.25852 -11.0508 3.79228 0.0 11.1971 ; 0 7 8 0.0072735 -0.0214274 0.103281 -0.0787821 2.6874 ; 
0 8 7 ; 0 8 6 7.26187 -11.0631 3.80124 0.0 8.70887 ; 0 7 7 5.10149 -7.66877 2.56728 0.0 14.6159 ; 1 8 7 3.17312 -4.93967 1.76654 0.0 3.40109 ; 0 8 8 7.27409 -11.1081 3.83396 0.0 9.953 ; 0 7 8 0.52445 -1.21807 8.24842 -7.39577 3.432 ; 
0 7 8 ; 0 7 7 7.24531 -11.0022 3.75691 0.0 9.953 ; 1 7 8 3.17312 -4.93967 1.76654 0.0 3.40109 ; 0 8 8 5.10149 -7.66877 2.56728 0.0 14.6159 ; 0 7 9 7.25574 -11.0406 3.78483 0.0 11.1971 ; 
2 8 6 ; 2 8 5 7.313 -11.2511 3.93813 0.0 7.46475 ; 2 7 6 5.10149 -7.66877 2.56728 0.0 14.6159 ; 1 8 6 3.17312 -4.93967 1.76654 0.0 6.80217 ; 2 7 7 1.46501 -3.40258 23.0413 -20.6595 3.432 ; 1 8 7 0.00221081 -0.00659771 0.0325684 -0.0256594 2.7624 ; 
2 7 7 ; 2 7 6 7.30379 -11.2173 3.91348 0.0 8.70887 ; 2 6 7 5.10149 -7.66877 2.56728 0.0 12.7889 ; 1 7 7 3.17312 -4.93967 1.76654 0.0 6.80217 ; 2 6 8 0.930444 -2.16101 14.6338 -13.1211 3.432 ; 1 8 7 0.00947656 -0.0279175 0.134563 -0.102644 2.6874 ; 1 7 8 0.00223441 -0.00666814 0.032916 -0.0259333 2.7624 ; 
2 6 8 ; 2 6 7 7.28074 -11.1325 3.85175 0.0 9.953 ; 2 5 8 5.10149 -7.66877 2.56728 0.0 10.9619 ; 1 6 8 3.17312 -4.93967 1.76654 0.0 6.80217 ; 2 5 9 0.444102 -1.03146 6.98472 -6.26271 3.432 ; 1 7 8 0.0151785 -0.044715 0.215528 -0.164404 2.6874 ; 1 6 9 0.00230158 -0.0068686 0.0339056 -0.0267129 2.7624 ; 
2 5 9 ; 2 5 8 7.26138 -11.0613 3.79992 0.0 11.1971 ; 1 6 9 0.0273465 -0.0805614 0.388308 -0.296201 2.6874 ; 
1 8 7 ; 1 8 6 7.29975 -11.2024 3.90267 0.0 8.70887 ; 1 7 7 5.10149 -7.66877 2.56728 0.0 14.6159 ; 0 8 7 3.17312 -4.93967 1.76654 0.0 3.40109 ; 1 7 8 0.138506 -0.321688 2.17838 -1.9532 3.432 ; 0 8 8 0.00107414 -0.00320556 0.0158236 -0.0124669 2.7624 ; 
1 7 8 ; 1 7 7 7.27737 -11.1201 3.84273 0.0 9.953 ; 1 6 8 5.10149 -7.66877 2.56728 0.0 12.7889 ; 0 7 8 3.17312 -4.93967 1.76654 0.0 3.40109 ; 1 6 9 2.84816 -6.61503 44.7951 -40.1646 3.432 ; 0 8 8 0.00452133 -0.0133196 0.0642009 -0.0489723 2.6874 ; 0 7 9 0.00110766 -0.00330559 0.0163174 -0.0128559 2.7624 ; 
1 6 9 ; 1 6 8 7.25852 -11.0508 3.79228 0.0 11.1971 ; 0 7 9 0.00728624 -0.0214649 0.103461 -0.07892 2.6874 ; 
0 8 8 ; 0 8 7 7.27409 -11.1081 3.83396 0.0 9.953 ; 0 7 8 5.10149 -7.66877 2.56728 0.0 14.6159 ; 0 7 9 0.416663 -0.967725 6.55316 -5.87575 3.432 ; 
0 7 9 ; 0 7 8 7.25574 -11.0406 3.78483 0.0 11.1971 ; 
