0 0 0 ; 1 0 0 3.24485 -5.20343 1.95858 0.0 3.40109 ; 0 1 0 5.1935 -8.0071 2.8136 0.0 1.82698 ; 
1 0 0 ; 0 0 0 3.24485 -5.20343 1.95858 0.0 3.40109 ; 2 0 0 3.24485 -5.20343 1.95858 0.0 6.80217 ; 1 1 0 5.22847 -8.13568 2.90721 0.0 1.82698 ; 0 1 0 0.115253 -0.246668 1.38833 -1.11112 2.6607 ; 
0 1 0 ; 0 0 0 5.1935 -8.0071 2.8136 0.0 1.82698 ; 1 1 0 3.24485 -5.20343 1.95858 0.0 3.40109 ; 0 2 0 5.20501 -8.04943 2.84442 0.0 3.65396 ; 
2 0 0 ; 1 0 0 3.24485 -5.20343 1.95858 0.0 6.80217 ; 2 1 0 5.27934 -8.32275 3.04341 0.0 1.82698 ; 1 1 0 0.282171 -0.603912 3.39902 -2.72034 2.6607 ; 
1 1 0 ; 1 0 0 5.22847 -8.13568 2.90721 0.0 1.82698 ; 0 1 0 3.24485 -5.20343 1.95858 0.0 3.40109 ; 2 1 0 3.25123 -5.2269 1.97567 0.0 6.80217 ; 1 2 0 5.24483 -8.19584 2.95101 0.0 3.65396 ; 0 2 0 0.0795911 -0.170344 0.958752 -0.76732 2.6607 ; 
0 2 0 ; 0 1 0 5.20501 -8.04943 2.84442 0.0 3.65396 ; 1 2 0 3.25123 -5.2269 1.97567 0.0 3.40109 ; 0 3 0 5.21802 -8.09727 2.87925 0.0 5.48094 ; 
2 1 0 ; 2 0 0 5.27934 -8.32275 3.04341 0.0 1.82698 ; 1 1 0 3.25123 -5.2269 1.97567 0.0 6.80217 ; 2 2 0 5.27934 -8.32275 3.04341 0.0 3.65396 ; 1 2 0 0.252184 -0.539735 3.03781 -2.43125 2.6607 ; 
1 2 0 ; 1 1 0 5.24483 -8.19584 2.95101 0.0 3.65396 ; 0 2 0 3.25123 -5.2269 1.97567 0.0 3.40109 ; 2 2 0 3.25123 -5.2269 1.97567 0.0 6.80217 ; 1 3 0 5.26377 -8.26549 3.00172 0.0 5.48094 ; 0 3 0 0.0390889 -0.0836595 0.470863 -0.376847 2.6607 ; 
0 3 0 ; 0 2 0 5.21802 -8.09727 2.87925 0.0 5.48094 ; 1 3 0 3.25123 -5.2269 1.97567 0.0 3.40109 ; 0 4 0 5.23284 -8.15175 2.91891 0.0 7.30793 ; 
2 2 0 ; 2 1 0 5.27934 -8.32275 3.04341 0.0 3.65396 ; 1 2 0 3.25123 -5.2269 1.97567 0.0 6.80217 ; 2 3 0 5.3044 -8.41492 3.11052 0.0 5.48094 ; 1 3 0 0.219395 -0.469559 2.64283 -2.11514 2.6607 ; 
1 3 0 ; 1 2 0 5.26377 -8.26549 3.00172 0.0 5.48094 ; 0 3 0 3.25123 -5.2269 1.97567 0.0 3.40109 ; 2 3 0 3.25123 -5.2269 1.97567 0.0 6.80217 ; 1 4 0 5.28595 -8.34707 3.06112 0.0 7.30793 ; 0 4 0 0.0340867 -0.0729536 0.410607 -0.328622 2.6607 ; 
0 4 0 ; 0 3 0 5.23284 -8.15175 2.91891 0.0 7.30793 ; 1 4 0 3.25123 -5.2269 1.97567 0.0 3.40109 ; 0 5 0 5.24986 -8.21437 2.9645 0.0 9.13491 ; 
2 3 0 ; 2 2 0 5.3044 -8.41492 3.11052 0.0 5.48094 ; 1 3 0 3.25123 -5.2269 1.97567 0.0 6.80217 ; 2 4 0 5.3345 -8.52561 3.1911 0.0 7.30793 ; 1 4 0 0.144745 -0.30979 1.7436 -1.39546 2.6607 ; 
1 4 0 ; 1 3 0 5.28595 -8.34707 3.06112 0.0 7.30793 ; 0 4 0 3.25123 -5.2269 1.97567 0.0 3.40109 ; 2 4 0 3.25123 -5.2269 1.97567 0.0 6.80217 ; 1 5 0 5.3123 -8.44394 3.13165 0.0 9.13491 ; 0 5 0 0.0234333 -0.0501528 0.282276 -0.225915 2.6607 ; 
0 5 0 ; 0 4 0 5.24986 -8.21437 2.9645 0.0 9.13491 ; 1 5 0 3.25123 -5.2269 1.97567 0.0 3.40109 ; 0 6 0 5.26964 -8.28709 3.01745 0.0 10.9619 ; 
2 4 0 ; 2 3 0 5.3345 -8.52561 3.1911 0.0 7.30793 ; 1 4 0 3.25123 -5.2269 1.97567 0.0 6.80217 ; 1 5 0 0.138066 -0.295495 1.66314 -1.33107 2.6607 ; 
1 5 0 ; 1 4 0 5.3123 -8.44394 3.13165 0.0 9.13491 ; 0 5 0 3.25123 -5.2269 1.97567 0.0 3.40109 ; 0 6 0 0.0145192 -0.0310746 0.174898 -0.139977 2.6607 ; 
0 6 0 ; 0 5 0 5.26964 -8.28709 3.01745 0.0 10.9619 ; 
