0 0 0 ; 1 0 0 3.21581 -5.09665 1.88084 0.0 3.40109 ; 0 1 0 5.14633 -7.83362 2.6873 0.0 1.82698 ; 
1 0 0 ; 0 0 0 3.21581 -5.09665 1.88084 0.0 3.40109 ; 2 0 0 3.21581 -5.09665 1.88084 0.0 6.80217 ; 1 1 0 5.16512 -7.90275 2.73763 0.0 1.82698 ; 0 1 0 0.0881019 -0.223435 1.21496 -1.07993 2.7603 ; 
0 1 0 ; 0 0 0 5.14633 -7.83362 2.6873 0.0 1.82698 ; 1 1 0 3.21581 -5.09665 1.88084 0.0 3.40109 ; 0 2 0 5.1527 -7.85708 2.70438 0.0 3.65396 ; 
2 0 0 ; 1 0 0 3.21581 -5.09665 1.88084 0.0 6.80217 ; 2 1 0 5.18968 -7.99305 2.80337 0.0 1.82698 ; 1 1 0 0.204454 -0.518515 2.81951 -2.50615 2.7603 ; 
1 1 0 ; 1 0 0 5.16512 -7.90275 2.73763 0.0 1.82698 ; 0 1 0 3.21581 -5.09665 1.88084 0.0 3.40109 ; 2 1 0 3.21935 -5.10967 1.89032 0.0 6.80217 ; 1 2 0 5.17336 -7.93303 2.75967 0.0 3.65396 ; 0 2 0 0.0656112 -0.166396 0.904808 -0.804246 2.7603 ; 
0 2 0 ; 0 1 0 5.1527 -7.85708 2.70438 0.0 3.65396 ; 1 2 0 3.21935 -5.10967 1.89032 0.0 3.40109 ; 0 3 0 5.15968 -7.88275 2.72306 0.0 5.48094 ; 
2 1 0 ; 2 0 0 5.18968 -7.99305 2.80337 0.0 1.82698 ; 1 1 0 3.21935 -5.10967 1.89032 0.0 6.80217 ; 2 2 0 5.18968 -7.99305 2.80337 0.0 3.65396 ; 1 2 0 0.182016 -0.461611 2.51009 -2.23111 2.7603 ; 
1 2 0 ; 1 1 0 5.17336 -7.93303 2.75967 0.0 3.65396 ; 0 2 0 3.21935 -5.10967 1.89032 0.0 3.40109 ; 2 2 0 3.21935 -5.10967 1.89032 0.0 6.80217 ; 1 3 0 5.18248 -7.96659 2.78411 0.0 5.48094 ; 0 3 0 0.0382365 -0.0969715 0.527299 -0.468694 2.7603 ; 
0 3 0 ; 0 2 0 5.15968 -7.88275 2.72306 0.0 5.48094 ; 1 3 0 3.21935 -5.10967 1.89032 0.0 3.40109 ; 0 4 0 5.16736 -7.91096 2.7436 0.0 7.30793 ; 
2 2 0 ; 2 1 0 5.18968 -7.99305 2.80337 0.0 3.65396 ; 1 2 0 3.21935 -5.10967 1.89032 0.0 6.80217 ; 2 3 0 5.20072 -8.03364 2.83292 0.0 5.48094 ; 1 3 0 0.158212 -0.401241 2.18182 -1.93932 2.7603 ; 
1 3 0 ; 1 2 0 5.18248 -7.96659 2.78411 0.0 5.48094 ; 0 3 0 3.21935 -5.10967 1.89032 0.0 3.40109 ; 2 3 0 3.21935 -5.10967 1.89032 0.0 6.80217 ; 1 4 0 5.19265 -8.00399 2.81134 0.0 7.30793 ; 0 4 0 0.0333909 -0.0846824 0.460475 -0.409297 2.7603 ; 
0 4 0 ; 0 3 0 5.16736 -7.91096 2.7436 0.0 7.30793 ; 1 4 0 3.21935 -5.10967 1.89032 0.0 3.40109 ; 0 5 0 5.17583 -7.94211 2.76629 0.0 9.13491 ; 
2 3 0 ; 2 2 0 5.20072 -8.03364 2.83292 0.0 5.48094 ; 1 3 0 3.21935 -5.10967 1.89032 0.0 6.80217 ; 2 4 0 5.21315 -8.07938 2.86622 0.0 7.30793 ; 1 4 0 0.0965761 -0.244926 1.33183 -1.1838 2.7603 ; 
1 4 0 ; 1 3 0 5.19265 -8.00399 2.81134 0.0 7.30793 ; 0 4 0 3.21935 -5.10967 1.89032 0.0 3.40109 ; 2 4 0 3.21935 -5.10967 1.89032 0.0 6.80217 ; 1 5 0 5.20406 -8.04593 2.84187 0.0 9.13491 ; 0 5 0 0.0246252 -0.0624517 0.339592 -0.301849 2.7603 ; 
0 5 0 ; 0 4 0 5.17583 -7.94211 2.76629 0.0 9.13491 ; 1 5 0 3.21935 -5.10967 1.89032 0.0 3.40109 ; 0 6 0 5.18523 -7.97669 2.79146 0.0 10.9619 ; 
2 4 0 ; 2 3 0 5.21315 -8.07938 2.86622 0.0 7.30793 ; 1 4 0 3.21935 -5.10967 1.89032 0.0 6.80217 ; 2 5 0 5.22728 -8.13132 2.90404 0.0 9.13491 ; 1 5 0 0.0677962 -0.171938 0.934939 -0.831028 2.7603 ; 
1 5 0 ; 1 4 0 5.20406 -8.04593 2.84187 0.0 9.13491 ; 0 5 0 3.21935 -5.10967 1.89032 0.0 3.40109 ; 2 5 0 3.21935 -5.10967 1.89032 0.0 6.80217 ; 1 6 0 5.21694 -8.0933 2.87636 0.0 10.9619 ; 0 6 0 0.0166939 -0.0423373 0.230216 -0.204629 2.7603 ; 
0 6 0 ; 0 5 0 5.18523 -7.97669 2.79146 0.0 10.9619 ; 1 6 0 3.21935 -5.10967 1.89032 0.0 3.40109 ; 0 7 0 5.19573 -8.01529 2.81956 0.0 12.7889 ; 
2 5 0 ; 2 4 0 5.22728 -8.13132 2.90404 0.0 9.13491 ; 1 5 0 3.21935 -5.10967 1.89032 0.0 6.80217 ; 2 6 0 5.24346 -8.19081 2.94735 0.0 10.9619 ; 1 6 0 0.0793779 -0.20131 1.09466 -0.972994 2.7603 ; 
1 6 0 ; 1 5 0 5.21694 -8.0933 2.87636 0.0 10.9619 ; 0 6 0 3.21935 -5.10967 1.89032 0.0 3.40109 ; 2 6 0 3.21935 -5.10967 1.89032 0.0 6.80217 ; 1 7 0 5.2316 -8.14721 2.91561 0.0 12.7889 ; 0 7 0 0.00985241 -0.0249866 0.135869 -0.120768 2.7603 ; 
0 7 0 ; 0 6 0 5.19573 -8.01529 2.81956 0.0 12.7889 ; 1 7 0 3.21935 -5.10967 1.89032 0.0 3.40109 ; 0 8 0 5.20752 -8.05866 2.85114 0.0 14.6159 ; 
2 6 0 ; 2 5 0 5.24346 -8.19081 2.94735 0.0 10.9619 ; 1 6 0 3.21935 -5.10967 1.89032 0.0 6.80217 ; 1 7 0 0.0417257 -0.10582 0.575417 -0.511464 2.7603 ; 
1 7 0 ; 1 6 0 5.2316 -8.14721 2.91561 0.0 12.7889 ; 0 7 0 3.21935 -5.10967 1.89032 0.0 3.40109 ; 0 8 0 0.00426597 -0.0108189 0.0588297 -0.0522912 2.7603 ; 
0 8 0 ; 0 7 0 5.20752 -8.05866 2.85114 0.0 14.6159 ; 
