0 0 0 ; 1 0 0 3.22826 -5.14241 1.91416 0.0 3.40109 ; 0 1 0 5.16654 -7.90797 2.74143 0.0 1.82698 ; 
1 0 0 ; 0 0 0 3.22826 -5.14241 1.91416 0.0 3.40109 ; 2 0 0 3.22826 -5.14241 1.91416 0.0 6.80217 ; 1 1 0 5.19157 -8.0 2.80843 0.0 1.82698 ; 0 1 0 0.0998784 -0.236547 1.30348 -1.11023 2.7233 ; 
0 1 0 ; 0 0 0 5.16654 -7.90797 2.74143 0.0 1.82698 ; 1 1 0 3.22826 -5.14241 1.91416 0.0 3.40109 ; 0 2 0 5.17493 -7.9388 2.76388 0.0 3.65396 ; 
2 0 0 ; 1 0 0 3.22826 -5.14241 1.91416 0.0 6.80217 ; 2 1 0 5.22576 -8.12573 2.89997 0.0 1.82698 ; 1 1 0 0.237096 -0.561526 3.09426 -2.63553 2.7233 ; 
1 1 0 ; 1 0 0 5.19157 -8.0 2.80843 0.0 1.82698 ; 0 1 0 3.22826 -5.14241 1.91416 0.0 3.40109 ; 2 1 0 3.23291 -5.15952 1.92661 0.0 6.80217 ; 1 2 0 5.20284 -8.04145 2.83861 0.0 3.65396 ; 0 2 0 0.0720475 -0.170634 0.940268 -0.800871 2.7233 ; 
0 2 0 ; 0 1 0 5.17493 -7.9388 2.76388 0.0 3.65396 ; 1 2 0 3.23291 -5.15952 1.92661 0.0 3.40109 ; 0 3 0 5.18423 -7.97301 2.78878 0.0 5.48094 ; 
2 1 0 ; 2 0 0 5.22576 -8.12573 2.89997 0.0 1.82698 ; 1 1 0 3.23291 -5.15952 1.92661 0.0 6.80217 ; 2 2 0 5.22576 -8.12573 2.89997 0.0 3.65396 ; 1 2 0 0.211457 -0.500805 2.75966 -2.35053 2.7233 ; 
1 2 0 ; 1 1 0 5.20284 -8.04145 2.83861 0.0 3.65396 ; 0 2 0 3.23291 -5.15952 1.92661 0.0 3.40109 ; 2 2 0 3.23291 -5.15952 1.92661 0.0 6.80217 ; 1 3 0 5.21556 -8.08822 2.87266 0.0 5.48094 ; 0 3 0 0.0391408 -0.092699 0.510813 -0.435084 2.7233 ; 
0 3 0 ; 0 2 0 5.18423 -7.97301 2.78878 0.0 5.48094 ; 1 3 0 3.23291 -5.15952 1.92661 0.0 3.40109 ; 0 4 0 5.19461 -8.01117 2.81656 0.0 7.30793 ; 
2 2 0 ; 2 1 0 5.22576 -8.12573 2.89997 0.0 3.65396 ; 1 2 0 3.23291 -5.15952 1.92661 0.0 6.80217 ; 2 3 0 5.24171 -8.18439 2.94267 0.0 5.48094 ; 1 3 0 0.183924 -0.435595 2.40032 -2.04447 2.7233 ; 
1 3 0 ; 1 2 0 5.21556 -8.08822 2.87266 0.0 5.48094 ; 0 3 0 3.23291 -5.15952 1.92661 0.0 3.40109 ; 2 3 0 3.23291 -5.15952 1.92661 0.0 6.80217 ; 1 4 0 5.23002 -8.14141 2.91138 0.0 7.30793 ; 0 4 0 0.0341968 -0.08099 0.446291 -0.380127 2.7233 ; 
0 4 0 ; 0 3 0 5.19461 -8.01117 2.81656 0.0 7.30793 ; 1 4 0 3.23291 -5.15952 1.92661 0.0 3.40109 ; 0 5 0 5.20626 -8.05402 2.84776 0.0 9.13491 ; 
2 3 0 ; 2 2 0 5.24171 -8.18439 2.94267 0.0 5.48094 ; 1 3 0 3.23291 -5.15952 1.92661 0.0 6.80217 ; 2 4 0 5.26015 -8.25217 2.99203 0.0 7.30793 ; 1 4 0 0.0991221 -0.234756 1.29361 -1.10183 2.7233 ; 
1 4 0 ; 1 3 0 5.23002 -8.14141 2.91138 0.0 7.30793 ; 0 4 0 3.23291 -5.15952 1.92661 0.0 3.40109 ; 2 4 0 3.23291 -5.15952 1.92661 0.0 6.80217 ; 1 5 0 5.24662 -8.20244 2.95582 0.0 9.13491 ; 0 5 0 0.0245501 -0.0581433 0.320395 -0.272896 2.7233 ; 
0 5 0 ; 0 4 0 5.20626 -8.05402 2.84776 0.0 9.13491 ; 1 5 0 3.23291 -5.15952 1.92661 0.0 3.40109 ; 0 6 0 5.21944 -8.10247 2.88304 0.0 10.9619 ; 
2 4 0 ; 2 3 0 5.26015 -8.25217 2.99203 0.0 7.30793 ; 1 4 0 3.23291 -5.15952 1.92661 0.0 6.80217 ; 2 5 0 5.28169 -8.3314 3.04971 0.0 9.13491 ; 1 5 0 0.108618 -0.257245 1.41754 -1.20738 2.7233 ; 
1 5 0 ; 1 4 0 5.24662 -8.20244 2.95582 0.0 9.13491 ; 0 5 0 3.23291 -5.15952 1.92661 0.0 3.40109 ; 2 5 0 3.23291 -5.15952 1.92661 0.0 6.80217 ; 1 6 0 5.26586 -8.27317 3.00732 0.0 10.9619 ; 0 6 0 0.0160833 -0.0380909 0.209898 -0.17878 2.7233 ; 
0 6 0 ; 0 5 0 5.21944 -8.10247 2.88304 0.0 10.9619 ; 1 6 0 3.23291 -5.15952 1.92661 0.0 3.40109 ; 0 7 0 5.23446 -8.1577 2.92325 0.0 12.7889 ; 
2 5 0 ; 2 4 0 5.28169 -8.3314 3.04971 0.0 9.13491 ; 1 5 0 3.23291 -5.15952 1.92661 0.0 6.80217 ; 1 6 0 0.0934057 -0.221217 1.21901 -1.03828 2.7233 ; 
1 6 0 ; 1 5 0 5.26586 -8.27317 3.00732 0.0 10.9619 ; 0 6 0 3.23291 -5.15952 1.92661 0.0 3.40109 ; 0 7 0 0.0090994 -0.0215505 0.118753 -0.101148 2.7233 ; 
0 7 0 ; 0 6 0 5.23446 -8.1577 2.92325 0.0 12.7889 ; 
