0 0 0 0.0
1 0 0 3494.9
0 1 0 872.4630000000002
2 0 0 3208.9
1 1 0 769.4590000000003
0 2 0 1816.217
2 1 0 706.8
1 2 0 1709.4530000000002
0 3 0 4272.335
2 2 0 645.52
1 3 0 1749.527
0 4 0 4291.6
2 3 0 550.08
1 4 0 1825.743
0 5 0 4348.988
2 4 0 488.34
1 5 0 1870.238
0 6 0 4376.637
2 5 0 427.84
1 6 0 1915.472
0 7 0 4407.004
2 6 0 371.87
1 7 0 1958.1530000000002
0 8 0 4436.795
2 7 0 318.76
1 8 0 1999.95
2 8 0 268.6
2 8 1 87.671
2 7 2 86.4875
2 6 3 285.2475
1 8 2 2402.1130000000003
1 7 3 2731.7980000000002
1 6 4 2845.63
0 8 3 5082.971
0 7 4 5327.99
2 8 2 70.89
2 7 3 100.41000000000001
2 6 4 296.572
2 5 5 516.7233
1 8 3 2414.318
1 7 4 2741.0170000000003
1 6 5 2852.7740000000003
0 8 4 5090.737999999999
0 7 5 5333.306
2 8 3 44.176
2 7 4 125.03670000000001
2 6 5 319.3718
2 5 6 537.9629
1 8 4 2437.418
1 7 5 2761.983
1 6 6 2872.362
0 8 5 5110.36
0 7 6 5351.253
2 8 4 31.042
2 7 5 136.8545
2 6 6 330.13379999999995
2 5 7 547.9331999999999
1 8 5 2447.898
1 7 6 2771.184
1 6 7 2880.881
0 8 6 5118.325
0 7 7 5358.317999999999
2 8 5 23.3379
2 7 6 144.0132
2 6 7 337.0077
2 5 8 554.784
1 8 6 2453.9101
1 7 7 2776.7671
1 6 8 2886.4811
0 8 7 5122.781099999999
0 7 8 5362.6491
2 8 6 10.36
2 7 7 157.2165
2 6 8 350.69689999999997
2 5 9 569.2183
1 8 7 2466.156
1 7 8 2789.4379999999996
1 6 9 2899.865
0 8 8 5134.433
0 7 9 5374.950000000001
