1 0 0 ;0 0 0 1.0102637080732537e-19 ;
0 1 0 ;0 0 0 3.936926396623494e-21 ;1 0 0 10.85859294727808 ;
2 0 0 ;1 0 0 2.1243916857751588e-19 ;
1 1 0 ;1 0 0 2.0043957401558003e-21 ;0 1 0 1.0285332295602905e-19 ;2 0 0 57.96984037573184 ;
0 2 0 ;0 1 0 6.235824370889608e-21 ;1 1 0 2.9783574532318773 ;1 0 0 198572000000000.0 ;
2 1 0 ;2 0 0 8.748171943711134e-22 ;1 1 0 1.7452423853756146e-19 ;
1 2 0 ;1 1 0 3.015862065032999e-21 ;0 2 0 8.484817097872655e-20 ;2 1 0 21.27118727781015 ;2 0 0 54604700000000.0 ;
0 3 0 ;0 2 0 7.276065637426794e-21 ;1 2 0 0.7949315453158001 ;1 1 0 345188000000000.0 ;
2 2 0 ;2 1 0 1.7416326006970117e-21 ;1 2 0 1.76442365741119e-19 ;
1 3 0 ;1 2 0 3.3158127365902803e-21 ;0 3 0 8.589215972010738e-20 ;2 2 0 10.113328738509319 ;2 1 0 65955900000000.0 ;
0 4 0 ;0 3 0 7.389724512088101e-21 ;1 3 0 0.4187525120750113 ;1 2 0 343485000000000.0 ;
2 3 0 ;2 2 0 1.8100618172575415e-21 ;1 3 0 1.7833461922798672e-19 ;
1 4 0 ;1 3 0 3.1344621286201013e-21 ;0 4 0 8.694863551162687e-20 ;2 3 0 4.0680472589297105 ;2 2 0 117551000000000.0 ;
0 5 0 ;0 4 0 6.849273212669774e-21 ;1 4 0 0.1810733902910246 ;1 3 0 514634000000000.0 ;
2 4 0 ;2 3 0 1.6076459515337592e-21 ;1 4 0 1.7945678340572853e-19 ;
1 5 0 ;1 4 0 2.6793011720288994e-21 ;0 5 0 8.760536689490042e-20 ;2 4 0 2.472310880048527 ;2 3 0 140408000000000.0 ;
0 6 0 ;0 5 0 5.920716912255125e-21 ;1 5 0 0.07009611552510428 ;1 4 0 562795000000000.0 ;
0 0 0 ; 0 0 1  0.000 ; 
