1 0 0 ; 0 0 0 0.000 ; 
0 1 0 ;0 0 0 1.192870313152564e-20 ;1 0 0 34.348061717144724 ;
2 0 0 ; 0 0 0 0.000 ; 
1 1 0 ;1 0 0 7.418533034600173e-21 ;2 0 0 60.80931303854995 ;2 0 0 121.61979495717668 ;
0 2 0 ;0 1 0 2.024771488195614e-20 ;1 1 0 3.7082765849040022 ;1 1 0 7.416240810723729 ;1 0 0 198487000000000.0 ;
2 1 0 ;2 0 0 4.2610603715930254e-21 ;
1 2 0 ;1 1 0 1.223887301845741e-20 ;2 1 0 18.393156548030454 ;2 1 0 36.790432896035774 ;2 0 0 46281800000000.0 ;
0 3 0 ;0 2 0 2.5513418860759556e-20 ;1 2 0 1.1261084069715028 ;1 2 0 2.252475483430762 ;1 1 0 414545000000000.0 ;
2 2 0 ;2 1 0 8.543298798824768e-21 ;
1 3 0 ;1 2 0 1.4976830793342645e-20 ;2 2 0 7.758476234179919 ;2 2 0 15.512566976102454 ;2 1 0 74199800000000.0 ;
0 4 0 ;0 3 0 2.8290647764932484e-20 ;1 3 0 0.5051095785660168 ;1 3 0 1.0099327458400034 ;1 2 0 629977000000000.0 ;
2 3 0 ;2 2 0 1.0185148186606736e-20 ;
1 4 0 ;1 3 0 1.6046580558928872e-20 ;2 3 0 3.4023732017653407 ;2 3 0 6.798597182522899 ;2 2 0 120685000000000.0 ;
0 5 0 ;0 4 0 2.904130015874812e-20 ;1 4 0 0.2177518849129818 ;1 4 0 0.4351102196814655 ;1 3 0 860931000000000.0 ;
2 4 0 ;2 3 0 1.0591429752932938e-20 ;1 4 0 4.977771277336758e-19 ;
1 5 0 ;1 4 0 1.5828849660926412e-20 ;2 4 0 1.480310311502155 ;2 4 0 2.957323628440272 ;2 3 0 158094000000000.0 ;
0 6 0 ;0 5 0 2.8167295428175326e-20 ;1 5 0 0.08673693231457938 ;1 5 0 0.17328068135392216 ;1 4 0 1025080000000000.0 ;
2 5 0 ;2 4 0 1.0138775720868052e-20 ;1 5 0 5.027032648733696e-19 ;
1 6 0 ;1 5 0 1.473014767943566e-20 ;2 5 0 0.5832083915829822 ;2 5 0 1.1640315528936747 ;2 4 0 181673000000000.0 ;
0 7 0 ;0 6 0 2.616666843004733e-20 ;1 6 0 0.027771828170618195 ;1 6 0 0.05543007394731784 ;1 5 0 1112500000000000.0 ;
2 6 0 ;2 5 0 9.04940427872158e-21 ;1 6 0 5.092254475106063e-19 ;
1 7 0 ;1 6 0 1.2967480488374484e-20 ;2 6 0 0.18493621149837722 ;2 6 0 0.36895062923897254 ;2 5 0 189367000000000.0 ;
0 8 0 ;0 7 0 2.3263081739373828e-20 ;1 7 0 0.005056849533158753 ;1 7 0 0.010088493768253154 ;1 6 0 1120030000000000.0 ;
0 0 0 ; 0 0 1  0.000 ; 
