1 0 0 ; 0 0 0 0.000 ; 
0 1 0 ;0 0 0 7.169336573579195e-21 ;1 0 0 20.124582701583698 ;
2 0 0 ;1 0 0 3.5463244269233793e-19 ;
1 1 0 ;1 0 0 4.099787774928114e-21 ;2 0 0 114.2803823044364 ;
0 2 0 ;0 1 0 1.1817348741610048e-20 ;1 1 0 5.8254284803110385 ;1 0 0 198535000000000.0 ;
2 1 0 ;2 0 0 2.1050043406576448e-21 ;1 1 0 3.016832795744677e-19 ;
1 2 0 ;1 1 0 6.510391153030302e-21 ;0 2 0 1.4494031634915986e-19 ;2 1 0 42.109214057157175 ;2 0 0 53768800000000.0 ;
0 3 0 ;0 2 0 1.4417070113995696e-20 ;1 2 0 1.7251147541006027 ;1 1 0 378699000000000.0 ;
2 2 0 ;2 1 0 4.2057416041153e-21 ;1 2 0 3.0670070600295847e-19 ;
1 3 0 ;1 2 0 7.623285314209443e-21 ;0 3 0 1.4759808933708153e-19 ;2 2 0 20.029494581369246 ;2 1 0 76865500000000.0 ;
0 4 0 ;0 3 0 1.5408213976317058e-20 ;1 3 0 0.9091856162863792 ;1 2 0 426959000000000.0 ;
2 3 0 ;2 2 0 4.739450136687874e-21 ;1 3 0 3.1271879359984874e-19 ;
1 4 0 ;1 3 0 7.753159245679028e-21 ;0 4 0 1.507877167523368e-19 ;2 3 0 6.54712764475133 ;2 2 0 141795000000000.0 ;
0 5 0 ;0 4 0 1.5147088478335816e-20 ;1 4 0 0.40809275903104003 ;1 3 0 658730000000000.0 ;
2 4 0 ;2 3 0 4.642597577035265e-21 ;1 4 0 3.1549306436558266e-19 ;
1 5 0 ;1 4 0 7.239049661454155e-21 ;0 5 0 1.5232924487881717e-19 ;2 4 0 4.520246503910495 ;2 3 0 184188000000000.0 ;
0 6 0 ;0 5 0 1.4038654582071887e-20 ;1 5 0 0.1652727633170282 ;1 4 0 776466000000000.0 ;
2 5 0 ;2 4 0 4.1285719465786525e-21 ;1 5 0 3.1821781698775048e-19 ;
1 6 0 ;1 5 0 6.2967881448174405e-21 ;0 6 0 1.5383520903678413e-19 ;2 5 0 2.426864836212032 ;2 4 0 206527000000000.0 ;
0 7 0 ;0 6 0 1.2339739453488762e-20 ;1 6 0 0.0535165212789725 ;1 5 0 823675000000000.0 ;
0 0 0 ; 0 0 1  0.000 ; 
