1 0 0 ; 0 0 0 0.000 ; 
0 1 0 ;1 0 0 552.7656145502734 ;
2 0 0 ; 0 0 0 0.000 ; 
1 1 0 ;2 0 0 3826.498229705267 ;
0 2 0 ;1 1 0 195.04321781426228 ;1 0 0 197913000000000.0 ;
2 1 0 ; 0 0 0 0.000 ; 
1 2 0 ;2 1 0 1437.1130798013126 ;2 0 0 51132300000000.0 ;
0 3 0 ;1 2 0 78.3205961192047 ;1 1 0 512993000000000.0 ;
2 2 0 ; 0 0 0 0.000 ; 
1 3 0 ;2 2 0 691.5917889144839 ;2 1 0 120167000000000.0 ;
0 4 0 ;1 3 0 41.125829661314185 ;1 2 0 824673000000000.0 ;
2 3 0 ;2 2 0 2.770227058705334e-19 ;
1 4 0 ;1 3 0 3.9508790330085814e-19 ;2 3 0 338.62342040844965 ;2 2 0 236946000000000.0 ;
0 5 0 ;0 4 0 5.807891263114227e-19 ;1 4 0 20.189866522963822 ;1 3 0 1354220000000000.0 ;
2 4 0 ;2 3 0 3.38234810640873e-19 ;
1 5 0 ;1 4 0 4.530280487062118e-19 ;2 4 0 164.97164819126544 ;2 3 0 368972000000000.0 ;
0 6 0 ;0 5 0 6.413906870013739e-19 ;1 5 0 9.056444317291167 ;1 4 0 1897180000000000.0 ;
2 5 0 ;2 4 0 3.8626712171475957e-19 ;
1 6 0 ;1 5 0 4.975677243328042e-19 ;2 5 0 72.68588715125617 ;2 4 0 514182000000000.0 ;
0 7 0 ;0 6 0 6.872884452540588e-19 ;1 6 0 3.294711092203565 ;1 5 0 2467290000000000.0 ;
2 6 0 ;2 5 0 4.220609233780545e-19 ;
1 7 0 ;1 6 0 5.296448462515052e-19 ;2 6 0 26.2804749897847 ;2 5 0 664854000000000.0 ;
0 8 0 ;0 7 0 7.1950164807725e-19 ;1 7 0 0.6867777983703539 ;1 6 0 3038880000000000.0 ;
2 7 0 ;2 6 0 4.47012057881516e-19 ;
1 8 0 ;1 7 0 5.506977576752215e-19 ;2 7 0 5.457988203704836 ;2 6 0 813776000000000.0 ;
2 8 0 ;2 7 0 4.62205853583567e-19 ;
2 8 1 ;2 8 0 9.270572067386226e-22 ;
2 7 2 ;2 8 1 482.0436587078206 ;
2 6 3 ;2 7 2 107.4262988334834 ;
1 8 2 ;2 7 2 4.890091566588689 ;2 8 1 476.34082802798406 ;
1 7 3 ;2 6 3 21.08840639842507 ;2 7 2 141.65853649584167 ;1 8 2 171.75788436782054 ;
1 6 4 ;1 7 3 30.68772868461803 ;2 6 3 96.15651089163165 ;
0 8 3 ;1 7 3 0.611187094831388 ;1 8 2 17.73858433254211 ;
0 7 4 ;1 6 4 2.6463361037792774 ;1 7 3 12.07424075341564 ;0 8 3 154.4498983272256 ;
2 8 2 ;2 8 1 1.8518900711417273e-21 ;2 7 2 4.147901682786997e-19 ;
2 7 3 ;2 7 2 3.0941175679676958e-21 ;2 6 3 3.6102071812127925e-19 ;2 8 2 275.3999593942647 ;2 8 1 65425900000000.0 ;
2 6 4 ;2 6 3 5.510105213841984e-21 ;2 7 3 71.75108794913895 ;2 7 2 197519000000000.0 ;
2 5 5 ;2 6 4 21.75003797074296 ;2 6 3 50842300000000.0 ;
1 8 3 ;1 8 2 3.248334361246504e-21 ;1 7 3 4.007836006604489e-19 ;2 7 3 4.893706068399987 ;2 8 2 289.3727251292792 ;2 8 1 111411000000.0 ;2 7 2 17384400000000.0 ;2 6 3 233976000000000.0 ;
1 7 4 ;1 7 3 5.763898437183444e-21 ;1 6 4 3.6633714858373965e-19 ;2 6 4 21.106484080806716 ;2 7 3 93.54478723495987 ;1 8 3 114.25418526451814 ;2 7 2 203439000000.0 ;1 8 2 13862700000000.0 ;2 6 3 20133700000000.0 ;
1 6 5 ;1 6 4 9.39343753542367e-21 ;1 7 4 20.613121406237664 ;2 5 5 58.08579691826663 ;2 6 4 67.12003046684872 ;2 6 3 444714000000.0 ;1 7 3 894867000000000.0 ;
0 8 4 ;0 8 3 6.025522780140034e-21 ;0 7 4 4.0820682975952065e-19 ;1 7 4 0.6115633401138887 ;1 8 3 11.712299482908243 ;1 8 2 789867000000.0 ;1 7 3 105306000000000.0 ;1 6 4 1028100000000000.0 ;
0 7 5 ;0 7 4 9.789842310743331e-21 ;1 6 5 2.6482845783190854 ;1 7 4 8.427072732361252 ;0 8 4 108.72193438655499 ;1 7 3 1720160000000.0 ;0 8 3 90179500000000.0 ;1 6 4 104383000000000.0 ;
2 8 3 ;2 8 2 2.248572694296214e-21 ;2 7 3 4.170371928481945e-19 ;
2 7 4 ;2 7 3 3.3615847100269057e-21 ;2 6 4 3.6312518578477363e-19 ;2 8 3 177.14079580503977 ;2 8 2 119833000000000.0 ;
2 6 5 ;2 6 4 5.706091704607515e-21 ;2 5 5 3.0970738690331492e-19 ;2 7 4 45.4638755025532 ;2 7 3 315004000000000.0 ;
2 5 6 ;2 5 5 9.084820052898248e-21 ;2 6 5 14.177867749331083 ;2 6 4 505615000000000.0 ;
1 8 4 ;1 8 3 3.539924343533199e-21 ;1 7 4 4.0368699709319048e-19 ;2 7 4 4.896958359057635 ;2 8 3 90.59021949414061 ;2 8 2 202193000000.0 ;2 7 3 21120700000000.0 ;2 6 4 214579000000000.0 ;
1 7 5 ;1 7 4 5.984585558403715e-21 ;1 6 5 3.681667158533457e-19 ;2 6 5 21.12238094607592 ;2 7 4 58.80256658860307 ;1 8 4 72.19273291502972 ;2 7 3 310011000000.0 ;1 8 3 21777500000000.0 ;2 6 4 23097500000000.0 ;2 5 5 221346000000000.0 ;
1 6 6 ;1 6 5 9.494436384950939e-21 ;1 7 5 14.448263741689845 ;2 6 5 43.49696063090298 ;2 5 6 58.12693222983446 ;2 6 4 613664000000.0 ;2 5 5 30891900000000.0 ;1 7 4 1250820000000000.0 ;
0 8 5 ;0 8 4 6.27221327051707e-21 ;0 7 5 4.1083111377503566e-19 ;1 7 5 0.6119139493670083 ;1 8 4 7.361736075259794 ;1 8 3 1204440000000.0 ;1 7 4 120809000000000.0 ;1 6 5 948754000000000.0 ;
0 7 6 ;0 7 5 9.917129722617482e-21 ;1 6 6 2.650035940433695 ;1 7 5 5.4606463195789745 ;0 8 5 70.8575662861535 ;1 7 4 2374820000000.0 ;1 6 5 115657000000000.0 ;0 8 4 128956000000000.0 ;
2 8 4 ;2 8 3 2.3973279877657175e-21 ;2 7 4 4.181088536358579e-19 ;
2 7 5 ;2 7 4 3.3836282679645112e-21 ;2 6 5 3.6417072111282734e-19 ;2 8 4 111.21301396938773 ;2 8 3 181075000000000.0 ;
2 6 6 ;2 6 5 5.6131587258388954e-21 ;2 5 6 3.106860675857336e-19 ;2 7 5 29.416345524215426 ;2 7 4 399152000000000.0 ;
2 5 7 ;2 5 6 8.823304520331345e-21 ;2 6 6 9.307306587367986 ;2 6 5 597025000000000.0 ;
1 8 5 ;1 8 4 3.574725709657251e-21 ;1 7 5 4.05182328738074e-19 ;2 7 5 4.89977252977819 ;2 8 4 50.605394127930516 ;2 8 3 273440000000.0 ;2 7 4 23500900000000.0 ;2 6 5 195870000000000.0 ;
1 7 6 ;1 7 5 5.903523024045983e-21 ;1 6 6 3.6912703317881e-19 ;2 6 6 21.13588216831929 ;2 7 5 37.87793111197578 ;1 8 5 46.640799585835175 ;2 7 4 380501000000.0 ;2 6 5 24720300000000.0 ;1 8 4 27322100000000.0 ;2 5 6 203307000000000.0 ;
1 6 7 ;1 6 6 9.243442999574154e-21 ;1 7 6 10.422496162897776 ;2 6 6 28.47592476200926 ;2 5 7 58.16281060542006 ;2 6 5 707834000000.0 ;2 5 6 32485900000000.0 ;1 7 5 1615360000000000.0 ;
0 8 6 ;0 8 5 6.204156029399673e-21 ;0 7 6 4.1221385790532884e-19 ;1 7 6 0.612235875875655 ;1 8 5 4.741837078136761 ;1 8 4 1479680000000.0 ;1 7 5 129823000000000.0 ;1 6 6 872112000000000.0 ;
0 7 7 ;0 7 6 9.677615551850936e-21 ;1 6 7 2.65159252037813 ;1 7 6 3.5746784778573164 ;0 8 6 46.52112160936157 ;1 7 5 2741250000000.0 ;1 6 6 121736000000000.0 ;0 8 5 152491000000000.0 ;
2 8 5 ;2 8 4 2.364496227581653e-21 ;2 7 5 4.1873663072587116e-19 ;
2 7 6 ;2 7 5 3.228189109747727e-21 ;2 6 6 3.6479997523668665e-19 ;2 8 5 86.76056944550442 ;2 8 4 243587000000000.0 ;
2 6 7 ;2 6 6 5.3096003160218894e-21 ;2 5 7 3.112764534661556e-19 ;2 7 6 19.14574726475464 ;2 7 5 459560000000000.0 ;
2 5 8 ;2 5 7 8.313584518697754e-21 ;2 6 7 6.0899377044894 ;2 6 6 655233000000000.0 ;
1 8 6 ;1 8 5 3.422470461434872e-21 ;1 7 6 4.060865218560591e-19 ;2 7 6 4.902213987499668 ;2 8 5 47.10151948149555 ;2 8 4 328271000000.0 ;2 7 5 24968000000000.0 ;2 6 6 177883000000000.0 ;
1 7 7 ;1 7 6 5.601014847762569e-21 ;1 6 7 3.696821804417049e-19 ;2 6 7 21.14701278156042 ;2 7 6 24.631271058300843 ;1 8 6 30.351661062314125 ;2 7 5 430348000000.0 ;2 6 6 25602100000000.0 ;1 8 5 31313800000000.0 ;2 5 7 185923000000000.0 ;
1 6 8 ;1 6 7 8.731794188853484e-21 ;1 7 7 7.665375988436435 ;2 6 7 18.63963526053833 ;2 5 8 58.194187599210935 ;2 6 6 768350000000.0 ;2 5 7 33332400000000.0 ;1 7 6 1965510000000000.0 ;
0 8 7 ;0 8 6 5.903464655335902e-21 ;0 7 7 4.1308175027660634e-19 ;1 7 7 0.6125293849395137 ;1 8 6 3.083478407375768 ;1 8 5 1675560000000.0 ;1 7 6 135049000000000.0 ;1 6 7 798266000000000.0 ;
0 7 8 ;0 7 7 9.165170369480906e-21 ;1 7 7 2.3398782513176606 ;1 6 8 2.6529542901968477 ;0 8 7 30.452327426855515 ;1 7 6 2978580000000.0 ;1 6 7 125040000000000.0 ;0 8 6 167837000000000.0 ;
2 8 6 ;2 8 5 2.1919070591753323e-21 ;2 7 6 4.196985368546016e-19 ;
2 7 7 ;2 7 6 2.9351332240860732e-21 ;2 6 7 3.656719996447179e-19 ;2 8 6 36.16287209864157 ;2 8 5 274205000000000.0 ;
2 6 8 ;2 6 7 4.838049788350544e-21 ;2 5 8 3.1210401430216466e-19 ;2 7 7 12.404556809312668 ;2 7 6 489810000000000.0 ;
2 5 9 ;2 5 8 7.605876519925802e-21 ;2 6 8 3.9387753842872066 ;2 6 7 675862000000000.0 ;
1 8 7 ;1 8 6 3.1249313589600566e-21 ;1 7 7 4.073928607569716e-19 ;2 7 7 4.904243315687249 ;2 8 6 16.439968194386488 ;2 8 5 362268000000.0 ;2 7 6 25637400000000.0 ;2 6 7 160647000000000.0 ;
1 7 8 ;1 7 7 5.1213538225570205e-21 ;1 6 8 3.7050471288334803e-19 ;2 7 7 16.002027887120338 ;1 8 7 19.68854461466516 ;2 6 8 21.1559612199146 ;2 7 6 457071000000.0 ;2 6 7 25843400000000.0 ;1 8 6 33407800000000.0 ;2 5 8 169218000000000.0 ;
1 6 9 ;1 6 8 8.01206842506812e-21 ;1 7 8 5.704595033478496 ;2 6 8 12.09824910729295 ;2 5 9 58.22058554534172 ;2 6 7 793787000000.0 ;2 5 8 33523500000000.0 ;1 7 7 2280110000000000.0 ;
0 8 8 ;0 8 7 5.416594426817568e-21 ;0 7 8 4.1428523957956e-19 ;1 7 8 0.6127970360552836 ;1 8 7 2.003274753318142 ;1 8 6 1782310000000.0 ;1 7 7 136972000000000.0 ;1 6 8 727304000000000.0 ;
0 7 9 ;0 7 8 8.433553696725665e-21 ;1 7 8 1.5187534273050962 ;1 6 9 2.6541167093882545 ;0 8 8 19.709581118400305 ;1 7 7 3081130000000.0 ;1 6 8 125909000000000.0 ;0 8 7 173868000000000.0 ;
0 0 0 ; 0 0 1  0.000 ; 
