0 0 0 1.0
1 0 0 2.0
0 1 0 8.0
2 0 0 1.0
1 1 0 16.0
0 2 0 28.0
2 1 0 8.0
1 2 0 56.0
0 3 0 56.0
2 2 0 28.0
1 3 0 112.0
0 4 0 70.0
2 3 0 56.0
1 4 0 140.0
0 5 0 56.0
2 4 0 70.0
1 5 0 112.0
0 6 0 28.0
2 5 0 56.0
1 6 0 56.0
0 7 0 8.0
2 6 0 28.0
1 7 0 16.0
0 8 0 1.0
2 7 0 8.0
1 8 0 2.0
2 8 0 1.0
2 8 1 18.0
2 7 2 1224.0
2 6 3 22848.0
1 8 2 306.0
1 7 3 13056.0
1 6 4 171360.0
0 8 3 816.0
0 7 4 24480.0
2 8 2 153.0
2 7 3 6528.0
2 6 4 85680.0
2 5 5 479808.0
1 8 3 1632.0
1 7 4 48960.0
1 6 5 479808.0
0 8 4 3060.0
0 7 5 68544.0
2 8 3 816.0
2 7 4 24480.0
2 6 5 239904.0
2 5 6 1039584.0
1 8 4 6120.0
1 7 5 137088.0
1 6 6 1039584.0
0 8 5 8568.0
0 7 6 148512.0
2 8 4 3060.0
2 7 5 68544.0
2 6 6 519792.0
2 5 7 1782144.0
1 8 5 17136.0
1 7 6 297024.0
1 6 7 1782144.0
0 8 6 18564.0
0 7 7 254592.0
2 8 5 8568.0
2 7 6 148512.0
2 6 7 891072.0
2 5 8 2450448.0
1 8 6 37128.0
1 7 7 509184.0
1 6 8 2450448.0
0 8 7 31824.0
0 7 8 350064.0
2 8 6 18564.0
2 7 7 254592.0
2 6 8 1225224.0
2 5 9 2722720.0
1 8 7 63648.0
1 7 8 700128.0
1 6 9 2722720.0
0 8 8 43758.0
0 7 9 388960.0
